0 0.4491805460526315 0.2542997845394737 0.24909103125 0.5398293700657895 0.3321213733552632 0.6915169605263158 0.5308497368421052 0.4082180773026316 0.4491805460526315 0.2542997845394737
0 0.11584882730263157 0.9950522105263159 0.3154811842105263 0.7136575476973684 0.23480075 0.5593990279605263 0.03930585197368421 0.8441839868421053 0.11584882730263157 0.9950522105263159
0 0.46753277138157895 0.5610941759868421 0.26376295723684207 0.8475742845394736 0.34444339309210525 0.9967473585526315 0.5492475707236842 0.7170478453947368 0.46753277138157895 0.5610941759868421
0 0.12826120230263158 0.6475467532894736 0.31134372697368423 0.40175021052631577 0.24617875986842103 0.26613832565789475 0.0599931447368421 0.5136300164473685 0.12826120230263158 0.6475467532894736
0 0.44787984539473685 0.2474916907894737 0.24617875986842103 0.5407523930921052 0.32892792434210527 0.7017915065789474 0.5358008322368422 0.40683565625 0.44787984539473685 0.2474916907894737
0 0.41374581578947367 0 0.25859113486842106 0.22884505592105264 0.3361684753289474 0.3644569407894737 0.5254571875 0.10001376644736841 0.46236095065789473 0 0.41374581578947367 0
0 0.5389039259868421 0.3966647648026316 0.7375019177631579 0.11018465789473685 0.6733713157894737 0.005085444078947368 0.6278592763157895 0 0.4592578552631579 0.2474916907894737 0.5389039259868421 0.3966647648026316
0 0.5554537582236843 0.6916206151315789 0.7602579375 0.39496961513157897 0.6692338569078947 0.24918683881578946 0.4716702302631579 0.5458378388157895 0.5554537582236843 0.6916206151315789
0 0.6857836907894737 0.22545475986842103 0.766464125 0.37632298355263155 0.9671308453947368 0.08814772697368421 0.9102407960526316 0 0.8378352779605263 0.0016951480263157897 0.6857836907894737 0.22545475986842103
0 0.6082063503289474 0.9221608207236841 0.7933576019736842 0.6661933881578946 0.7147458980263158 0.5271912039473685 0.5368351957236842 0.7814634901315789 0.6082063503289474 0.9221608207236841
0 0.20387160197368423 0 0.01798867105263158 0.2554967072368421 0.08894398355263158 0.41272545065789473 0.3148017368421052 0.11792155756578948 0.24484579605263157 0 0.20387160197368423 0
0 0.7957858733552632 0.9664123157894737 0.9903248157894736 0.6754923190789474 0.9100775016447369 0.5389990328947368 0.7137147549342105 0.8259338240131578 0.7957858733552632 0.9664123157894737