0 0.7216494851973684 0.2678571430921053 0.6846005148026316 0.36920849342105266 0.7699742269736842 0.38127413157894735 0.808634021381579 0.2775096529605263 0.7216494851973684 0.2678571430921053
0 0.5283505148026316 0.3740347483552632 0.6024484539473685 0.39092664144736844 0.6733247417763157 0.29198841776315787 0.5863402055921053 0.2799227796052632 0.5283505148026316 0.3740347483552632
0 0.11920103124999999 0.38610038651315787 0.20940721710526314 0.4102316595394737 0.28350515460526315 0.3016409259868421 0.18685566940789475 0.28716216282894735 0.11920103124999999 0.38610038651315787
0 0.41559278289473683 0.30888030921052634 0.3350515460526316 0.29198841776315787 0.25773195888157896 0.39092664144736844 0.3221649490131579 0.41988416940789475 0.41559278289473683 0.30888030921052634
0 0.40270618585526313 0.3788610032894737 0.4735824736842106 0.3981660230263158 0.5347938141447368 0.3016409259868421 0.4542525773026316 0.2895752894736842 0.40270618585526313 0.3788610032894737
0 0.2609536085526316 0.45849420888157894 0.14819587664473685 0.44160231578947373 0.06121134046052632 0.5574324325657894 0.16108247368421053 0.583976833881579 0.2609536085526316 0.45849420888157894
0 0.2255154638157895 0.6515444013157895 0.12242268092105264 0.6274131266447368 0.006443299342105263 0.8035714292763159 0.10953608223684211 0.8373552121710526 0.2255154638157895 0.6515444013157895
0 0.21262886677631576 0.7987451743421052 0.3189432993421053 0.8397683404605264 0.4349226809210527 0.65637065625 0.3253865986842105 0.625 0.21262886677631576 0.7987451743421052
0 0.40270618585526313 0.45366795394736836 0.3028350509868421 0.4367760625 0.21907216447368422 0.5622586875 0.3189432993421053 0.5767374523026315 0.40270618585526313 0.45366795394736836
0 0.486469072368421 0.6105212351973685 0.4349226809210527 0.7987451743421052 0.5670103092105263 0.8301158305921053 0.6088917532894736 0.634652509868421 0.486469072368421 0.6105212351973685
0 0.38981958717105264 0.5598455592105264 0.4832474226973684 0.5912162154605263 0.5734536085526315 0.4391891891447368 0.4639175263157894 0.4247104243421052 0.38981958717105264 0.5598455592105264
0 0.6443298963815789 0.5791505789473684 0.7023195871710527 0.4488416990131579 0.6153350509868422 0.427123552631579 0.5541237105263158 0.5574324325657894 0.6443298963815789 0.5791505789473684
0 0.7248711332236842 0.540540541118421 0.8247422680921053 0.5550193042763157 0.8859536085526316 0.4367760625 0.7860824736842106 0.4150579144736842 0.7248711332236842 0.540540541118421
0 0.6701030921052632 0.6056949802631578 0.6153350509868422 0.7794401546052632 0.7313144325657895 0.822876447368421 0.7828608240131579 0.625 0.6701030921052632 0.6056949802631578
0 0.8537371134868422 0.5863899621710527 0.808634021381579 0.7553088799342106 0.927835050986842 0.7987451743421052 0.9632731957236843 0.612934363486842 0.8537371134868422 0.5863899621710527