3 0.8429276315789473 0.5814144736842105 0.21052631578947367 0.4925986842105263
3 0.27713815789473684 0.5789473684210527 0.18832236842105263 0.4284539473684211
3 0.4605263157894737 0.5707236842105263 0.1513157894736842 0.3815789473684211
3 0.647203947368421 0.5411184210526315 0.17351973684210525 0.42598684210526316
4 0.2623355263157895 0.8708881578947368 0.05180921052631579 0.07648026315789473
4 0.3363486842105263 0.850328947368421 0.08141447368421052 0.049342105263157895
4 0.4350328947368421 0.8092105263157895 0.038651315789473686 0.07648026315789473
4 0.6044407894736842 0.821546052631579 0.05921052631578947 0.061677631578947366
4 0.6858552631578947 0.8166118421052632 0.05921052631578947 0.05674342105263158
4 0.7574013157894737 0.8429276315789473 0.07236842105263158 0.049342105263157895
4 0.90625 0.875 0.05921052631578947 0.06907894736842106