0 0.5731907894736842 0.42269736842105265 0.12828947368421054 0.24588815789473684
0 0.9103618421052632 0.7672697368421053 0.17845394736842105 0.36348684210526316
0 0.6842105263157895 0.7697368421052632 0.1611842105263158 0.3725328947368421
0 0.5106907894736842 0.759046052631579 0.13651315789473684 0.3560855263157895
0 0.29194078947368424 0.7417763157894737 0.1981907894736842 0.38651315789473684
0 0.23355263157894737 0.4243421052631579 0.14391447368421054 0.20641447368421054
0 0.32648026315789475 0.21792763157894737 0.10855263157894737 0.14967105263157895
0 0.4753289473684211 0.21875 0.0912828947368421 0.14802631578947367
0 0.6208881578947368 0.2236842105263158 0.0912828947368421 0.15707236842105263
0 0.7697368421052632 0.2294407894736842 0.1069078947368421 0.1455592105263158
0 0.897203947368421 0.23766447368421054 0.1225328947368421 0.16200657894736842
0 0.16858552631578946 0.20230263157894737 0.140625 0.18009868421052633