1 0.29769736842105265 0.15049342105263158 0.17598684210526316 0.2779605263157895
1 0.31661184210526316 0.4819078947368421 0.11430921052631579 0.18009868421052633
1 0.37911184210526316 0.709703947368421 0.16776315789473684 0.2746710526315789
1 0.11842105263157894 0.6455592105263158 0.17927631578947367 0.28618421052631576
1 0.23519736842105263 0.9054276315789473 0.17516447368421054 0.18914473684210525
1 0.524671052631579 0.8495065789473685 0.10773026315789473 0.18585526315789475
1 0.6455592105263158 0.09950657894736842 0.10608552631578948 0.17351973684210525
1 0.8355263157894737 0.16365131578947367 0.2236842105263158 0.32730263157894735
1 0.944078947368421 0.4712171052631579 0.1118421052631579 0.18174342105263158
1 0.7861842105263158 0.5838815789473685 0.18009868421052633 0.2837171052631579
1 0.5460526315789473 0.4194078947368421 0.28536184210526316 0.45148026315789475