3 0.18009868421052633 0.5 0.16365131578947367 0.6998355263157895
3 0.3511513157894737 0.49835526315789475 0.14226973684210525 0.6677631578947368
3 0.5049342105263158 0.49506578947368424 0.14226973684210525 0.6751644736842105
3 0.6603618421052632 0.48601973684210525 0.15625 0.6825657894736842
3 0.8429276315789473 0.48848684210526316 0.14638157894736842 0.6973684210526315
4 0.15049342105263158 0.819078947368421 0.05674342105263158 0.055098684210526314
4 0.23026315789473684 0.7985197368421053 0.0756578947368421 0.05674342105263158
4 0.3125 0.7993421052631579 0.05263157894736842 0.061677631578947366
4 0.38980263157894735 0.7763157894736842 0.07976973684210527 0.054276315789473686
4 0.48848684210526316 0.7664473684210527 0.06743421052631579 0.078125
4 0.5493421052631579 0.78125 0.046875 0.08305921052631579
4 0.6167763157894737 0.7730263157894737 0.07319078947368421 0.05263157894736842
4 0.7072368421052632 0.7886513157894737 0.04523026315789474 0.06578947368421052
4 0.8083881578947368 0.7763157894736842 0.07236842105263158 0.07236842105263158
4 0.8692434210526315 0.7952302631578947 0.061677631578947366 0.08963815789473684