3 0.15049342105263158 0.6743421052631579 0.18503289473684212 0.33963815789473684
3 0.37417763157894735 0.6504934210526315 0.15871710526315788 0.2878289473684211
3 0.5912828947368421 0.662828947368421 0.13815789473684212 0.27713815789473684
3 0.8125 0.6570723684210527 0.15213815789473684 0.3059210526315789
4 0.8782894736842105 0.8634868421052632 0.07401315789473684 0.027138157894736843
4 0.7179276315789473 0.8569078947368421 0.05098684210526316 0.05345394736842105
4 0.6537828947368421 0.8478618421052632 0.05838815789473684 0.03125
4 0.5008223684210527 0.8470394736842105 0.046875 0.05098684210526316
4 0.44901315789473684 0.84375 0.049342105263157895 0.04029605263157895
4 0.3157894736842105 0.834703947368421 0.05098684210526316 0.04029605263157895
4 0.24095394736842105 0.834703947368421 0.07154605263157894 0.044407894736842105
4 0.09375 0.8618421052631579 0.0625 0.03536184210526316