3 0.9194078947368421 0.6751644736842105 0.10032894736842106 0.3412828947368421
3 0.6036184210526315 0.6439144736842105 0.10115131578947369 0.4128289473684211
3 0.3182565789473684 0.649671052631579 0.078125 0.3527960526315789
3 0.12171052631578948 0.6957236842105263 0.14226973684210525 0.4753289473684211
4 0.2754934210526316 0.8585526315789473 0.04851973684210526 0.046875
4 0.38651315789473684 0.8429276315789473 0.029605263157894735 0.08717105263157894
4 0.5238486842105263 0.9259868421052632 0.061677631578947366 0.044407894736842105
4 0.6726973684210527 0.9177631578947368 0.054276315789473686 0.049342105263157895
4 0.8544407894736842 0.875 0.05592105263157895 0.044407894736842105
4 0.9679276315789473 0.8963815789473685 0.04111842105263158 0.03782894736842105
4 0.43914473684210525 0.834703947368421 0.039473684210526314 0.044407894736842105