0 0.1356907894736842 0.1875 0.15953947368421054 0.22779605263157895
0 0.3125 0.18914473684210525 0.17598684210526316 0.29523026315789475
0 0.48930921052631576 0.18503289473684212 0.171875 0.28536184210526316
0 0.6595394736842105 0.18338815789473684 0.16282894736842105 0.28125
0 0.8470394736842105 0.171875 0.21628289473684212 0.3157894736842105
0 0.13980263157894737 0.48519736842105265 0.20230263157894737 0.3495065789473684
0 0.3355263157894737 0.4942434210526316 0.171875 0.29194078947368424
0 0.5049342105263158 0.49917763157894735 0.15049342105263158 0.27713815789473684
0 0.6677631578947368 0.4967105263157895 0.15296052631578946 0.27055921052631576
0 0.8536184210526315 0.4777960526315789 0.18503289473684212 0.31661184210526316
0 0.11595394736842106 0.805921052631579 0.17351973684210525 0.2902960526315789
0 0.29276315789473684 0.8231907894736842 0.16858552631578946 0.3034539473684211
0 0.47368421052631576 0.8050986842105263 0.19901315789473684 0.3190789473684211
0 0.6661184210526315 0.8001644736842105 0.21134868421052633 0.33305921052631576
0 0.8634868421052632 0.796875 0.21957236842105263 0.3347039473684211