0 0.24835526315789475 0.19654605263157895 0.12171052631578948 0.1611842105263158
0 0.09786184210526316 0.29276315789473684 0.14802631578947367 0.1611842105263158
0 0.24177631578947367 0.38980263157894735 0.10444078947368421 0.15625
0 0.3667763157894737 0.4819078947368421 0.12417763157894737 0.14802631578947367
0 0.49506578947368424 0.21134868421052633 0.1069078947368421 0.15789473684210525
0 0.3626644736842105 0.296875 0.10197368421052631 0.13980263157894737
0 0.7294407894736842 0.21299342105263158 0.10032894736842106 0.14802631578947367
0 0.615953947368421 0.2993421052631579 0.10444078947368421 0.14473684210526316
0 0.868421052631579 0.3050986842105263 0.12171052631578948 0.15296052631578946
0 0.7360197368421053 0.3972039473684211 0.10032894736842106 0.14473684210526316
0 0.6233552631578947 0.49917763157894735 0.11513157894736842 0.13980263157894737
0 0.7302631578947368 0.7467105263157895 0.11513157894736842 0.15625
0 0.8889802631578947 0.819078947368421 0.12417763157894737 0.17434210526315788
0 0.29523026315789475 0.7467105263157895 0.1069078947368421 0.16940789473684212