3 0.038651315789473686 0.4276315789473684 0.06578947368421052 0.25082236842105265
3 0.13322368421052633 0.4934210526315789 0.10608552631578948 0.4555921052631579
3 0.3963815789473684 0.524671052631579 0.10361842105263158 0.524671052631579
3 0.537828947368421 0.5386513157894737 0.10855263157894737 0.4975328947368421
3 0.7360197368421053 0.46957236842105265 0.09950657894736842 0.5271381578947368
3 0.8116776315789473 0.21546052631578946 0.04358552631578947 0.15953947368421054
3 0.9473684210526315 0.18914473684210525 0.10361842105263158 0.10608552631578948
3 0.9366776315789473 0.31332236842105265 0.12582236842105263 0.18914473684210525
3 0.3314144736842105 0.32319078947368424 0.06578947368421052 0.21710526315789475
3 0.22450657894736842 0.3873355263157895 0.05345394736842105 0.18421052631578946
3 0.6126644736842105 0.3149671052631579 0.13157894736842105 0.16365131578947367
5 0.506578947368421 0.5082236842105263 0.06332236842105263 0.15789473684210525
5 0.6990131578947368 0.5263157894736842 0.06825657894736842 0.15707236842105263
5 0.9268092105263158 0.29276315789473684 0.03453947368421053 0.078125
4 0.5789473684210527 0.78125 0.04523026315789474 0.0649671052631579
4 0.5098684210526315 0.7483552631578947 0.03453947368421053 0.10773026315789473
4 0.41036184210526316 0.7623355263157895 0.044407894736842105 0.07483552631578948
4 0.3675986842105263 0.7615131578947368 0.03536184210526316 0.07236842105263158
4 0.13815789473684212 0.7055921052631579 0.023848684210526317 0.047697368421052634
4 0.10608552631578948 0.6726973684210527 0.029605263157894735 0.06990131578947369