3 0.176683 0.455529 0.165865 0.612981
3 0.347356 0.447115 0.137019 0.562500
3 0.514423 0.442308 0.129808 0.567308
3 0.675481 0.429087 0.125000 0.550481
3 0.831731 0.430288 0.144231 0.567308
4 0.871394 0.794471 0.069712 0.074519
4 0.807692 0.782452 0.067308 0.069712
4 0.705529 0.789663 0.055288 0.060096
4 0.612981 0.774038 0.076923 0.052885
4 0.544471 0.780048 0.040865 0.084135
4 0.489183 0.768029 0.060096 0.074519
4 0.385817 0.775240 0.074519 0.060096
4 0.310096 0.799279 0.048077 0.069712
4 0.234375 0.794471 0.074519 0.055288
4 0.155048 0.817308 0.045673 0.067308
