3 0.168269 0.507212 0.182692 0.596154
3 0.336538 0.463942 0.173077 0.528846
3 0.489183 0.405048 0.175481 0.478365
3 0.650240 0.371394 0.165865 0.487981
3 0.812500 0.326923 0.182692 0.471154
4 0.920673 0.728365 0.057692 0.086538
4 0.854567 0.717548 0.064904 0.084135
4 0.754808 0.746394 0.057692 0.074519
4 0.664663 0.757212 0.074519 0.052885
4 0.597356 0.770433 0.050481 0.084135
4 0.542067 0.768029 0.064904 0.074519
4 0.438702 0.786058 0.084135 0.062500
4 0.364183 0.823317 0.055288 0.064904
4 0.282452 0.838942 0.074519 0.048077
4 0.213942 0.871394 0.062500 0.060096
