3 0.177885 0.447115 0.163462 0.596154
3 0.349760 0.445913 0.137019 0.560096
3 0.509615 0.437500 0.144231 0.557692
3 0.669471 0.432692 0.127404 0.552885
3 0.840144 0.420673 0.161058 0.557692
4 0.871394 0.794471 0.069712 0.079327
4 0.804087 0.777644 0.060096 0.074519
4 0.705529 0.794471 0.050481 0.055288
4 0.616587 0.774038 0.079327 0.057692
4 0.550481 0.784856 0.043269 0.069712
4 0.487981 0.772837 0.067308 0.069712
4 0.385817 0.774038 0.074519 0.057692
4 0.306490 0.795673 0.050481 0.067308
4 0.228365 0.790865 0.072115 0.062500
4 0.150240 0.813702 0.050481 0.074519
