3 0.174279 0.453125 0.156250 0.598558
3 0.347356 0.444712 0.132212 0.567308
3 0.513221 0.441106 0.146635 0.564904
3 0.676683 0.449519 0.132212 0.586538
3 0.834135 0.431490 0.139423 0.569712
4 0.147837 0.820913 0.060096 0.060096
4 0.225962 0.798077 0.067308 0.048077
4 0.307692 0.805288 0.052885 0.057692
4 0.384615 0.778846 0.072115 0.052885
4 0.485577 0.770433 0.067308 0.069712
4 0.550481 0.788462 0.038462 0.067308
4 0.616587 0.780048 0.074519 0.050481
4 0.710337 0.790865 0.064904 0.057692
4 0.877404 0.796875 0.072115 0.079327
4 0.808894 0.778846 0.060096 0.067308
